MasterID	Mag	Magerr	RA	Dec	MJD	Blend
3.03502E+12	15.77	0.1	49.52695	-34.44339	53604.72263	0
3.03502E+12	15.78	0.1	49.52694	-34.44335	53604.73222	0
3.03502E+12	15.76	0.1	49.52697	-34.44334	53604.7416	0
3.03502E+12	15.76	0.1	49.52695	-34.44341	53604.75131	0
3.03502E+12	15.82	0.09	49.52706	-34.44334	53712.62704	0
3.03502E+12	15.8	0.09	49.52704	-34.44337	53712.64008	0
3.03502E+12	15.81	0.09	49.52706	-34.44338	53712.6531	0
3.03502E+12	15.84	0.09	49.52705	-34.44333	53712.66615	0
3.03502E+12	15.88	0.1	49.52701	-34.44339	53727.48997	0
3.03502E+12	15.83	0.1	49.52704	-34.44337	53727.49851	0
3.03502E+12	15.85	0.09	49.527	-34.44337	53728.54484	0
3.03502E+12	15.75	0.09	49.52703	-34.44338	53728.55567	0
3.03502E+12	15.8	0.09	49.52703	-34.44336	53728.56686	0
3.03502E+12	15.78	0.09	49.52702	-34.44336	53728.57769	0
3.03502E+12	15.72	0.1	49.52691	-34.44343	53554.77277	0
3.03502E+12	15.74	0.1	49.52699	-34.44336	53554.77972	0
3.03502E+12	15.76	0.1	49.52698	-34.4434	53554.78671	0
3.03502E+12	15.67	0.09	49.52702	-34.44337	53554.79384	0
3.03502E+12	15.74	0.1	49.52701	-34.44338	53575.79125	0
3.03502E+12	15.72	0.09	49.52696	-34.44336	53575.79555	0
3.03502E+12	15.79	0.1	49.52703	-34.44336	53575.79984	0
3.03502E+12	15.75	0.1	49.52698	-34.44337	53575.80413	0
3.03502E+12	15.84	0.1	49.52706	-34.44336	53691.64484	0
3.03502E+12	15.83	0.1	49.52707	-34.44336	53691.65345	0
3.03502E+12	15.82	0.1	49.52706	-34.44337	53691.66202	0
3.03502E+12	15.79	0.1	49.5271	-34.44337	53691.67061	0
3.03502E+12	15.79	0.11	49.52698	-34.44335	53652.61899	0
3.03502E+12	15.78	0.11	49.52705	-34.44335	53652.62843	0
3.03502E+12	15.75	0.11	49.52701	-34.44336	53652.63854	0
3.03502E+12	15.69	0.11	49.52703	-34.44335	53652.64877	0
3.03502E+12	15.8	0.11	49.52697	-34.44331	53670.63259	0
3.03502E+12	15.85	0.11	49.52701	-34.44334	53670.64252	0
3.03502E+12	15.85	0.11	49.52703	-34.44335	53670.65239	0
3.03502E+12	15.83	0.11	49.52701	-34.44332	53670.66246	0
3.03502E+12	16.05	0.11	49.52703	-34.44335	54077.63573	0
3.03502E+12	16.11	0.11	49.52705	-34.44339	54077.64206	0
3.03502E+12	16.11	0.11	49.52705	-34.44334	54077.64835	0
3.03502E+12	16.07	0.11	49.52702	-34.44324	54077.65467	0
3.03502E+12	16.05	0.11	49.52701	-34.44341	54084.51316	0
3.03502E+12	15.96	0.11	49.52705	-34.44331	54084.52169	0
3.03502E+12	15.98	0.11	49.52701	-34.44335	54084.53025	0
3.03502E+12	16	0.11	49.527	-34.44337	54084.53878	0
3.03502E+12	15.85	0.08	49.52703	-34.44334	53743.50611	0
3.03502E+12	15.8	0.08	49.52705	-34.44337	53743.5163	0
3.03502E+12	15.79	0.08	49.52704	-34.44337	53743.52651	0
3.03502E+12	15.83	0.08	49.52709	-34.44336	53743.53669	0
3.03502E+12	15.76	0.09	49.52702	-34.44334	53765.46917	0
3.03502E+12	15.79	0.09	49.52704	-34.44336	53765.4791	0
3.03502E+12	15.8	0.09	49.52705	-34.4434	53765.48901	0
3.03502E+12	15.8	0.09	49.52704	-34.44338	53765.49894	0
3.03502E+12	15.89	0.1	49.52698	-34.44337	53942.73828	0
3.03502E+12	15.88	0.1	49.52694	-34.44338	53942.74881	0
3.03502E+12	15.85	0.1	49.52699	-34.44337	53942.75964	0
3.03502E+12	15.92	0.1	49.52696	-34.44336	53942.77005	0
3.03502E+12	15.86	0.09	49.52712	-34.44342	53818.39215	0
3.03502E+12	15.85	0.09	49.52706	-34.44341	53818.39607	0
3.03502E+12	15.86	0.09	49.52706	-34.44336	53818.39994	0
3.03502E+12	15.84	0.09	49.52707	-34.44335	53818.40383	0
3.03502E+12	16.05	0.11	49.52696	-34.44334	54057.59777	0
3.03502E+12	16.07	0.11	49.52704	-34.44334	54057.6064	0
3.03502E+12	16.03	0.11	49.52705	-34.44337	54057.61498	0
3.03502E+12	16.13	0.11	49.52702	-34.4434	54057.62358	0
3.03502E+12	15.96	0.1	49.52701	-34.44342	54009.61916	0
3.03502E+12	15.86	0.1	49.52697	-34.44336	54009.62952	0
3.03502E+12	15.94	0.1	49.52699	-34.44339	54009.64005	0
3.03502E+12	15.98	0.1	49.52703	-34.44333	54009.6509	0
3.03502E+12	15.97	0.1	49.527	-34.44339	54021.60905	0
3.03502E+12	16.03	0.11	49.52707	-34.44337	54021.61804	0
3.03502E+12	16	0.1	49.52703	-34.44338	54021.62811	0
3.03502E+12	16.02	0.1	49.52705	-34.44338	54021.63789	0
3.03502E+12	16.04	0.11	49.52696	-34.4434	54038.54157	0
3.03502E+12	16.02	0.11	49.52696	-34.44338	54038.5503	0
3.03502E+12	16.09	0.11	49.52698	-34.44336	54038.55926	0
3.03502E+12	16.06	0.11	49.52699	-34.44332	54038.56933	0
3.03502E+12	16.05	0.1	49.527	-34.44333	53983.75344	0
3.03502E+12	15.94	0.1	49.52701	-34.44335	53983.76514	0
3.03502E+12	15.97	0.1	49.52699	-34.44334	53983.77641	0
3.03502E+12	15.95	0.1	49.52701	-34.44335	53983.78739	0
3.03502E+12	16.03	0.09	49.52702	-34.44336	54440.56483	0
3.03502E+12	16.01	0.09	49.52702	-34.44333	54440.57956	0
3.03502E+12	15.98	0.1	49.52691	-34.4435	54440.59042	0
3.03502E+12	16	0.09	49.52703	-34.44337	54442.53896	0
3.03502E+12	15.97	0.09	49.52697	-34.44333	54442.55198	0
3.03502E+12	15.97	0.09	49.52705	-34.44335	54442.56498	0
3.03502E+12	15.96	0.09	49.52701	-34.44338	54442.57799	0
3.03502E+12	15.97	0.11	49.52708	-34.44342	54114.51552	0
3.03502E+12	16.07	0.11	49.52705	-34.44337	54114.52236	0
3.03502E+12	16.1	0.11	49.52699	-34.44335	54114.52917	0
3.03502E+12	16.04	0.11	49.52702	-34.44338	54114.53603	0
3.03502E+12	16.03	0.09	49.52686	-34.44341	54285.76491	0
3.03502E+12	16.07	0.09	49.52695	-34.44337	54285.76923	0
3.03502E+12	16.16	0.1	49.527	-34.44337	54285.77359	0
3.03502E+12	16.09	0.09	49.527	-34.44335	54285.77794	0
3.03502E+12	16.07	0.11	49.52708	-34.44338	54174.40219	0
3.03502E+12	16	0.11	49.527	-34.44338	54174.41068	0
3.03502E+12	16.05	0.11	49.52714	-34.44335	54174.4192	0
3.03502E+12	16.04	0.11	49.52711	-34.44334	54174.42776	0
3.03502E+12	16.03	0.11	49.52705	-34.44335	54412.63683	0
3.03502E+12	15.98	0.11	49.52708	-34.44336	54412.64599	0
3.03502E+12	15.97	0.11	49.52706	-34.44336	54412.65497	0
3.03502E+12	16.01	0.11	49.52714	-34.44338	54412.66403	0
3.03502E+12	15.99	0.11	49.52707	-34.4434	54423.57359	0
3.03502E+12	16.01	0.11	49.52705	-34.4434	54423.58488	0
3.03502E+12	15.98	0.11	49.52702	-34.44338	54423.59615	0
3.03502E+12	15.98	0.11	49.527	-34.44334	54423.60741	0
3.03502E+12	15.96	0.11	49.527	-34.44338	54392.64999	0
3.03502E+12	15.95	0.1	49.527	-34.44338	54392.65927	0
3.03502E+12	15.93	0.1	49.52697	-34.44337	54392.66847	0
3.03502E+12	15.92	0.1	49.52702	-34.44332	54392.67769	0
3.03502E+12	15.88	0.12	49.52704	-34.44334	54353.75321	0
3.03502E+12	15.98	0.1	49.52703	-34.44335	54353.7607	0
3.03502E+12	15.98	0.1	49.52702	-34.44337	54353.76771	0
3.03502E+12	15.97	0.1	49.52706	-34.4434	54353.77474	0
3.03502E+12	15.94	0.08	49.527	-34.44336	54803.56655	0
3.03502E+12	15.92	0.08	49.52705	-34.44335	54803.57726	0
3.03502E+12	15.93	0.08	49.52698	-34.44334	54803.58795	0
3.03502E+12	15.95	0.09	49.52699	-34.44331	54803.59869	0
3.03502E+12	15.97	0.09	49.52705	-34.44339	54510.44322	0
3.03502E+12	15.98	0.09	49.52705	-34.44335	54510.44968	0
3.03502E+12	15.98	0.09	49.52706	-34.44337	54510.45614	0
3.03502E+12	15.98	0.09	49.52713	-34.44336	54510.4626	0
3.03502E+12	16.04	0.09	49.52711	-34.44337	54510.46911	0
3.03502E+12	16.08	0.11	49.52703	-34.44338	54471.50615	0
3.03502E+12	16.03	0.11	49.52703	-34.44337	54471.51514	0
3.03502E+12	16.06	0.11	49.52708	-34.44338	54471.52416	0
3.03502E+12	16.06	0.11	49.52701	-34.44337	54471.5332	0
3.03502E+12	15.99	0.09	49.52708	-34.44337	54527.41738	0
3.03502E+12	16.01	0.09	49.52707	-34.44337	54527.42609	0
3.03502E+12	15.96	0.09	49.52704	-34.44335	54527.43478	0
3.03502E+12	15.92	0.09	49.52708	-34.44333	54527.44347	0
3.03502E+12	15.86	0.08	49.52703	-34.44337	54779.51064	0
3.03502E+12	15.92	0.08	49.527	-34.44332	54779.51736	0
3.03502E+12	15.84	0.08	49.52696	-34.44339	54779.52401	0
3.03502E+12	15.85	0.08	49.52701	-34.44336	54779.53076	0
3.03502E+12	15.87	0.08	49.52702	-34.44338	54766.56795	0
3.03502E+12	15.89	0.09	49.52701	-34.44339	54766.58096	0
3.03502E+12	15.86	0.08	49.52695	-34.44337	54766.59432	0
3.03502E+12	15.86	0.08	49.52705	-34.4434	54766.60743	0
3.03502E+12	15.94	0.08	49.52699	-34.44334	54710.74271	0
3.03502E+12	15.91	0.08	49.52698	-34.44335	54710.74885	0
3.03502E+12	15.89	0.08	49.52704	-34.44336	54710.75467	0
3.03502E+12	15.93	0.08	49.52699	-34.44338	54710.7604	0
3.03502E+12	15.98	0.09	49.52704	-34.44335	54728.69563	0
3.03502E+12	15.94	0.09	49.52693	-34.44335	54728.70958	0
3.03502E+12	15.87	0.08	49.52707	-34.4434	54728.72379	0
3.03502E+12	15.94	0.09	49.527	-34.44338	54728.73781	0
3.03502E+12	15.75	0.08	49.52697	-34.44338	55058.75095	0
3.03502E+12	15.73	0.08	49.527	-34.44336	55058.7627	0
3.03502E+12	15.77	0.08	49.52701	-34.44338	55058.77441	0
3.03502E+12	15.78	0.08	49.52698	-34.44339	55058.7862	0
3.03502E+12	15.78	0.08	49.52704	-34.44335	55170.62224	0
3.03502E+12	15.76	0.08	49.52703	-34.44335	55170.6281	0
3.03502E+12	15.74	0.07	49.52703	-34.44337	55170.63395	0
3.03502E+12	15.73	0.07	49.52705	-34.44334	55170.63977	0
3.03502E+12	16.02	0.12	49.52699	-34.44334	54869.47349	0
3.03502E+12	15.98	0.12	49.52702	-34.44337	54869.48222	0
3.03502E+12	15.92	0.12	49.52704	-34.44334	54869.49096	0
3.03502E+12	15.92	0.12	49.52701	-34.44336	54869.49963	0
3.03502E+12	15.93	0.1	49.52705	-34.44337	54834.56714	0
3.03502E+12	15.93	0.1	49.52703	-34.44336	54834.57342	0
3.03502E+12	15.92	0.1	49.52715	-34.4434	54834.5797	0
3.03502E+12	15.95	0.1	49.52707	-34.44337	54834.586	0
3.03502E+12	15.94	0.09	49.52707	-34.44335	54856.53112	0
3.03502E+12	15.93	0.09	49.52707	-34.44343	54856.53914	0
3.03502E+12	15.97	0.09	49.52709	-34.44338	54856.54719	0
3.03502E+12	15.99	0.09	49.52715	-34.4434	54856.55523	0
3.03502E+12	15.77	0.09	49.52701	-34.44341	55032.77891	0
3.03502E+12	15.76	0.09	49.52694	-34.44337	55032.78742	0
3.03502E+12	15.68	0.09	49.52703	-34.44346	55032.79604	0
3.03502E+12	15.77	0.09	49.52698	-34.44335	55032.80457	0
3.03502E+12	15.88	0.09	49.52709	-34.4434	54907.4256	0
3.03502E+12	15.85	0.09	49.52706	-34.44341	54907.42941	0
3.03502E+12	15.86	0.09	49.527	-34.44332	54907.4332	0
3.03502E+12	15.78	0.09	49.52706	-34.4434	54907.43699	0
3.03502E+12	15.7	0.08	49.52706	-34.44336	55145.66814	0
3.03502E+12	15.73	0.08	49.52707	-34.44339	55145.67294	0
3.03502E+12	15.73	0.08	49.52706	-34.4434	55145.67775	0
3.03502E+12	15.76	0.08	49.52708	-34.44337	55145.68255	0
3.03502E+12	15.75	0.07	49.52698	-34.4433	55164.60057	0
3.03502E+12	15.92	0.08	49.5271	-34.44329	55164.61417	0
3.03502E+12	15.73	0.08	49.52709	-34.44336	55111.76041	0
3.03502E+12	15.77	0.08	49.52701	-34.44336	55111.77178	0
3.03502E+12	15.64	0.08	49.52709	-34.44338	55111.78323	0
3.03502E+12	15.74	0.08	49.52704	-34.44332	55112.71779	0
3.03502E+12	15.73	0.08	49.52704	-34.44336	55112.7291	0
3.03502E+12	15.71	0.08	49.52705	-34.44335	55112.74035	0
3.03502E+12	15.77	0.08	49.52706	-34.44336	55112.75173	0
3.03502E+12	15.71	0.08	49.52703	-34.44336	55092.76488	0
3.03502E+12	15.68	0.08	49.52706	-34.44336	55092.7713	0
3.03502E+12	15.7	0.08	49.52704	-34.44342	55092.7777	0
3.03502E+12	15.74	0.08	49.52701	-34.44337	55092.78413	0
3.03502E+12	15.92	0.1	49.52698	-34.44338	55438.66233	0
3.03502E+12	15.9	0.1	49.52698	-34.44338	55438.69527	0
3.03502E+12	15.88	0.09	49.52701	-34.44337	55542.51232	0
3.03502E+12	15.87	0.09	49.52698	-34.44339	55542.54422	0
3.03502E+12	15.7	0.08	49.52701	-34.44337	55200.44011	0
3.03502E+12	15.7	0.08	49.52704	-34.44335	55200.46929	0
3.03502E+12	15.97	0.08	49.52702	-34.44334	55502.70542	0
3.03502E+12	15.96	0.08	49.52708	-34.44335	55502.74794	0
3.03502E+12	15.95	0.09	49.52701	-34.44339	55486.69436	0
3.03502E+12	15.94	0.09	49.52697	-34.44332	55486.72253	0
3.03502E+12	15.86	0.08	49.52703	-34.44339	55619.43971	0
3.03502E+12	15.88	0.08	49.52703	-34.44336	55619.45249	0
3.03502E+12	15.95	0.09	49.52702	-34.44336	55562.55729	0
3.03502E+12	15.9	0.09	49.52704	-34.44334	55562.58565	0
3.03502E+12	15.74	0.07	49.52701	-34.44336	55164.6301	0
3.03502E+12	15.91	0.08	49.52695	-34.4434	55806.72251	0
3.03502E+12	15.93	0.08	49.52699	-34.44337	55806.73466	0
3.03502E+12	15.86	0.08	49.52695	-34.44338	55806.74675	0
3.03502E+12	15.86	0.08	49.52702	-34.44335	55806.75882	0
3.03502E+12	15.87	0.08	49.52699	-34.44333	55919.54308	0
3.03502E+12	15.94	0.09	49.52703	-34.44337	55919.55379	0
3.03502E+12	15.82	0.08	49.52696	-34.44337	55919.56462	0
3.03502E+12	15.89	0.08	49.52708	-34.44331	55919.57585	0
3.03502E+12	15.79	0.08	49.52702	-34.44331	56176.78334	0
3.03502E+12	15.77	0.08	49.52701	-34.44331	56176.78857	0
3.03502E+12	15.79	0.08	49.52697	-34.44337	56176.79382	0
3.03502E+12	15.75	0.07	49.52707	-34.44343	56176.7991	0
3.03502E+12	15.8	0.07	49.52697	-34.44335	56219.65116	0
3.03502E+12	15.83	0.07	49.52699	-34.44334	56219.66398	0
3.03502E+12	15.79	0.07	49.52703	-34.44332	56219.67681	0
3.03502E+12	15.8	0.07	49.52715	-34.44341	56219.68957	0
3.03502E+12	15.8	0.08	49.52705	-34.44331	56245.62901	0
3.03502E+12	15.88	0.08	49.52705	-34.44331	56245.64313	0
3.03502E+12	15.86	0.07	49.52699	-34.44334	56245.65731	0
3.03502E+12	15.87	0.07	49.52697	-34.44338	56245.67146	0
3.03502E+12	15.87	0.08	49.52701	-34.44337	56277.56699	0
3.03502E+12	15.83	0.08	49.52697	-34.4434	56277.57556	0
3.03502E+12	15.91	0.08	49.527	-34.44333	56277.58435	0
3.03502E+12	15.84	0.07	49.5271	-34.44344	56277.59332	0
3.03502E+12	15.69	0.08	49.52701	-34.44335	55200.45008	0
3.03502E+12	15.7	0.08	49.52703	-34.44336	55200.4597	0
3.03502E+12	15.87	0.1	49.527	-34.44337	55438.67323	0
3.03502E+12	15.94	0.1	49.52697	-34.44331	55438.68422	0
3.03502E+12	15.94	0.09	49.52703	-34.44336	55486.70374	0
3.03502E+12	15.96	0.09	49.52704	-34.44337	55486.71315	0
3.03502E+12	15.94	0.08	49.52704	-34.44336	55502.71949	0
3.03502E+12	15.95	0.08	49.52706	-34.44332	55502.7337	0
3.03502E+12	15.89	0.09	49.527	-34.44336	55542.52284	0
3.03502E+12	15.9	0.09	49.52705	-34.44338	55542.53353	0