MasterID	Mag	Magerr	RA	Dec	MJD	Blend
1001002027797,17.44,0.09, 3.04507,-1.36862,53711.14171,0
1001002027797,17.44,0.09, 3.04501,-1.36838,53711.14972,0
1001002027797,17.37,0.09, 3.04518,-1.36860,53711.15772,0
1001002027797,17.38,0.09, 3.04492,-1.36857,53711.16574,0
1001002027797,17.44,0.10, 3.04500,-1.36855,53561.41663,0
1001002027797,17.38,0.09, 3.04513,-1.36860,53703.06466,0
1001002027797,17.41,0.09, 3.04501,-1.36850,53703.07053,0
1001002027797,17.48,0.10, 3.04501,-1.36852,53703.08230,0
1001002027797,17.36,0.10, 3.04509,-1.36839,53650.24907,0
1001002027797,17.37,0.10, 3.04503,-1.36847,53650.25665,0
1001002027797,17.32,0.09, 3.04426,-1.36683,53650.26421,0
1001002027797,17.40,0.10, 3.04495,-1.36859,53650.27169,0
1001002027797,17.28,0.09, 3.04507,-1.36833,53654.30522,0
1001002027797,17.44,0.10, 3.04475,-1.36983,53654.31232,0
1001002027797,17.36,0.09, 3.04517,-1.36820,53654.31950,0
1001002027797,17.55,0.10, 3.04514,-1.36828,53655.28585,0
1001002027797,17.51,0.10, 3.04493,-1.36846,53656.18596,0
1001002027797,17.22,0.09, 3.04510,-1.36842,53656.19181,0
1001002027797,17.32,0.09, 3.04500,-1.36869,53656.19765,0
1001002027797,17.33,0.09, 3.04502,-1.36845,53656.20351,0
1001002027797,17.42,0.10, 3.04529,-1.36870,53627.25735,0
1001002027797,17.37,0.10, 3.04521,-1.36843,53627.26390,0
1001002027797,17.43,0.10, 3.04520,-1.36824,53627.27042,0
1001002027797,17.43,0.10, 3.04506,-1.36848,53628.27280,0
1001002027797,17.29,0.09, 3.04504,-1.36840,53628.28083,0
1001002027797,17.39,0.09, 3.04513,-1.36839,53628.29690,0
1001002027797,17.49,0.10, 3.04499,-1.36853,53636.26807,0
1001002027797,17.33,0.09, 3.04494,-1.36841,53636.27665,0
1001002027797,17.25,0.09, 3.04495,-1.36832,53636.28523,0
1001002027797,17.33,0.09, 3.04518,-1.36840,53636.29380,0
1001002027797,17.45,0.09, 3.04510,-1.36866,53975.33838,0
1001002027797,17.46,0.09, 3.04509,-1.36836,53975.35449,0
1001002027797,17.48,0.09, 3.04500,-1.36834,53975.36254,0
1001002027797,17.66,0.11, 3.04479,-1.36819,53746.10973,0
1001002027797,17.19,0.09, 3.04522,-1.36867,53746.11544,0
1001002027797,17.36,0.10, 3.04491,-1.36845,53746.12115,0
1001002027797,17.28,0.09, 3.04500,-1.36871,53746.12685,0
1001002027797,17.30,0.09, 3.04505,-1.36853,53757.08893,0
1001002027797,17.25,0.09, 3.04512,-1.36849,53757.09697,0
1001002027797,17.43,0.09, 3.04510,-1.36823,53757.10497,0
1001002027797,17.31,0.09, 3.04519,-1.36841,53757.11298,0
1001002027797,17.38,0.09, 3.04534,-1.36869,54050.19459,0
1001002027797,17.40,0.09, 3.04510,-1.36888,54050.20429,0
1001002027797,17.44,0.09, 3.04498,-1.36787,54050.21455,0
1001002027797,17.41,0.09, 3.04525,-1.36888,54050.22424,0
1001002027797,17.39,0.09, 3.04526,-1.36854,54024.20517,0
1001002027797,17.37,0.09, 3.04524,-1.36853,54024.21157,0
1001002027797,17.35,0.09, 3.04515,-1.36831,54024.21797,0
1001002027797,17.40,0.09, 3.04519,-1.36850,54024.22437,0
1001002027797,17.50,0.09, 3.04541,-1.36849,54025.18934,0
1001002027797,17.36,0.09, 3.04525,-1.36844,54025.19626,0
1001002027797,17.44,0.09, 3.04529,-1.36823,54025.20325,0
1001002027797,17.41,0.09, 3.04533,-1.36878,54025.21022,0
1001002027797,17.45,0.09, 3.04522,-1.36873,54030.23840,0
1001002027797,17.39,0.09, 3.04508,-1.36837,54030.24484,0
1001002027797,17.32,0.09, 3.04511,-1.36810,54030.25123,0
1001002027797,17.41,0.09, 3.04508,-1.36812,54030.25769,0
1001002027797,17.42,0.09, 3.04533,-1.36872,53990.41122,0
1001002027797,17.42,0.09, 3.04497,-1.36867,53990.41761,0
1001002027797,17.39,0.09, 3.04525,-1.36862,53990.42403,0
1001002027797,17.31,0.09, 3.04526,-1.36868,53990.43042,0
1001002027797,17.41,0.09, 3.04513,-1.36833,54439.13477,0
1001002027797,17.43,0.09, 3.04528,-1.36870,54439.14180,0
1001002027797,17.42,0.09, 3.04499,-1.36823,54439.14879,0
1001002027797,17.56,0.09, 3.04536,-1.36858,54439.15576,0
1001002027797,17.40,0.09, 3.04528,-1.36815,54377.29048,0
1001002027797,17.47,0.09, 3.04504,-1.36817,54377.29882,0
1001002027797,17.59,0.10, 3.04519,-1.36869,54377.30715,0
1001002027797,17.54,0.09, 3.04516,-1.36808,54377.31546,0
1001002027797,17.49,0.09, 3.04493,-1.36853,54466.11276,0
1001002027797,17.40,0.09, 3.04495,-1.36857,54466.11926,0
1001002027797,17.45,0.09, 3.04504,-1.36841,54466.12574,0
1001002027797,17.54,0.09, 3.04495,-1.36858,54466.13222,0
1001002027797,17.39,0.09, 3.04508,-1.36865,54789.11765,0
1001002027797,17.37,0.09, 3.04513,-1.36868,54789.12539,0
1001002027797,17.38,0.09, 3.04512,-1.36838,54789.13322,0
1001002027797,17.41,0.09, 3.04531,-1.36825,54789.14107,0
1001002027797,17.45,0.09, 3.04545,-1.36871,54747.24967,0
1001002027797,17.42,0.09, 3.04544,-1.36858,54747.25814,0
1001002027797,17.44,0.09, 3.04541,-1.36831,54747.26670,0
1001002027797,17.44,0.09, 3.04542,-1.36868,54747.27520,0
1001002027797,17.29,0.09, 3.04549,-1.36865,54729.37763,0
1001002027797,17.41,0.09, 3.04515,-1.36812,54729.38502,0
1001002027797,17.49,0.09, 3.04517,-1.36883,54729.39241,0
1001002027797,17.39,0.09, 3.04525,-1.36860,54729.39978,0
1001002027797,17.37,0.09, 3.04554,-1.36870,55153.11273,0
1001002027797,17.34,0.09, 3.04524,-1.36859,55153.11997,0
1001002027797,17.36,0.09, 3.04520,-1.36869,55153.12723,0
1001002027797,17.30,0.09, 3.04517,-1.36840,55153.13438,0
1001002027797,17.43,0.09, 3.04508,-1.36813,55099.38926,0
1001002027797,17.42,0.09, 3.04522,-1.36831,55099.39425,0
1001002027797,17.38,0.09, 3.04527,-1.36833,55099.39939,0
1001002027797,17.48,0.10, 3.04520,-1.36876,55099.40443,0
1001002027797,17.37,0.09, 3.04531,-1.36864,55532.13577,0
1001002027797,17.48,0.09, 3.04533,-1.36865,55532.14610,0
1001002027797,17.36,0.09, 3.04532,-1.36870,55532.15122,0
1001002027797,17.27,0.09, 3.04531,-1.36867,55503.11429,0
1001002027797,17.38,0.09, 3.04540,-1.36878,55503.12462,0
1001002027797,17.33,0.09, 3.04532,-1.36873,55503.12972,0
1001002027797,17.38,0.11, 3.04531,-1.36867,55527.19001,0
1001002027797,17.41,0.11, 3.04534,-1.36862,55527.20643,0
1001002027797,17.37,0.11, 3.04531,-1.36863,55527.21333,0
1001002027797,17.20,0.09, 3.04519,-1.36869,55468.26505,0
1001002027797,17.39,0.09, 3.04540,-1.36885,55468.27881,0
1001002027797,17.33,0.09, 3.04532,-1.36877,55468.28564,0
1001002027797,17.50,0.11, 3.04506,-1.36859,55744.41231,0
1001002027797,17.43,0.10, 3.04513,-1.36838,55744.41923,0
1001002027797,17.57,0.11, 3.04505,-1.36846,55744.42613,0
1001002027797,17.44,0.10, 3.04495,-1.36859,55744.43304,0
1001002027797,17.46,0.09, 3.04531,-1.36869,55881.15333,0
1001002027797,17.44,0.09, 3.04540,-1.36873,55881.15837,0
1001002027797,17.52,0.09, 3.04521,-1.36867,55881.16349,0
1001002027797,17.50,0.09, 3.04540,-1.36865,55881.16865,0
1001002027797,17.51,0.09, 3.04538,-1.36865,55893.14104,0
1001002027797,17.49,0.09, 3.04531,-1.36878,55893.14610,0
1001002027797,17.48,0.09, 3.04547,-1.36876,55893.15120,0
1001002027797,17.41,0.09, 3.04532,-1.36877,55893.15639,0
1001002027797,17.44,0.09, 3.04522,-1.36872,55849.29334,0
1001002027797,17.40,0.09, 3.04535,-1.36856,55849.30186,0
1001002027797,17.44,0.09, 3.04527,-1.36867,55849.31030,0
1001002027797,17.47,0.09, 3.04532,-1.36866,55849.31881,0
1001002027797,17.41,0.09, 3.04516,-1.36872,55822.45606,0
1001002027797,17.27,0.09, 3.04517,-1.36853,55822.46347,0
1001002027797,17.45,0.09, 3.04532,-1.36898,55822.47094,0
1001002027797,17.42,0.09, 3.04534,-1.36878,55822.47840,0
1001002027797,17.44,0.09, 3.04525,-1.36883,55823.29208,0
1001002027797,17.47,0.09, 3.04538,-1.36877,55823.30155,0
1001002027797,17.38,0.09, 3.04534,-1.36881,55823.31114,0
1001002027797,17.43,0.09, 3.04535,-1.36894,55823.32065,0
1001002027797,17.57,0.10, 3.04526,-1.36875,55930.08581,0
1001002027797,17.57,0.10, 3.04525,-1.36869,55930.09258,0
1001002027797,17.36,0.09, 3.04545,-1.36887,55930.09934,0
1001002027797,17.26,0.09, 3.04541,-1.36866,55930.10630,0
1001002027797,17.44,0.09, 3.04546,-1.36865,56184.32071,0
1001002027797,17.53,0.10, 3.04536,-1.36864,56184.32746,0
1001002027797,17.45,0.09, 3.04541,-1.36870,56184.33416,0
1001002027797,17.49,0.10, 3.04537,-1.36869,56184.34094,0
1001002027797,17.49,0.10, 3.04530,-1.36865,56191.32738,0
1001002027797,17.49,0.10, 3.04528,-1.36874,56191.33294,0
1001002027797,17.59,0.10, 3.04525,-1.36872,56191.33863,0
1001002027797,17.57,0.10, 3.04537,-1.36864,56191.34432,0
1001002027797,17.68,0.10, 3.04521,-1.36849,56222.19622,0
1001002027797,17.45,0.09, 3.04527,-1.36858,56222.20131,0
1001002027797,17.49,0.10, 3.04532,-1.36861,56222.20644,0
1001002027797,17.46,0.09, 3.04539,-1.36873,56222.21151,0
1001002027797,17.45,0.09, 3.04531,-1.36863,56235.14714,0
1001002027797,17.38,0.09, 3.04513,-1.36864,56235.15557,0
1001002027797,17.50,0.10, 3.04535,-1.36861,56235.16405,0
1001002027797,17.54,0.10, 3.04534,-1.36865,56235.17252,0
1001002027797,17.55,0.09, 3.04522,-1.36863,56274.08402,0
1001002027797,17.57,0.09, 3.04524,-1.36857,56274.08940,0
1001002027797,17.62,0.09, 3.04523,-1.36871,56274.09484,0
1001002027797,17.47,0.09, 3.04537,-1.36873,56274.10024,0
1001002027797,17.59,0.09, 3.04525,-1.36864,56285.16948,0
1001002027797,17.52,0.09, 3.04526,-1.36858,56285.17491,0
1001002027797,17.59,0.09, 3.04535,-1.36885,56285.18035,0
1001002027797,17.62,0.09, 3.04525,-1.36852,56285.18578,0
1001002027797,17.56,0.10, 3.04537,-1.36864,56296.08579,0
1001002027797,17.57,0.10, 3.04534,-1.36864,56296.09246,0
1001002027797,17.61,0.10, 3.04532,-1.36880,56296.09920,0
1001002027797,17.64,0.11, 3.04530,-1.36864,56296.10598,0
1001002027797,17.39,0.10, 3.04526,-1.36860,56540.30269,0
1001002027797,17.42,0.10, 3.04536,-1.36868,56540.30770,0
1001002027797,17.33,0.09, 3.04554,-1.36862,56540.31269,0
1001002027797,17.57,0.10, 3.04527,-1.36869,56540.31769,0
1001002027797,17.55,0.10, 3.04535,-1.36874,56541.33990,0
1001002027797,17.61,0.11, 3.04535,-1.36874,56541.34716,0
1001002027797,17.62,0.11, 3.04536,-1.36874,56541.35456,0
1001002027797,17.54,0.10, 3.04535,-1.36861,56541.36196,0
1001002027797,17.44,0.10, 3.04546,-1.36864,56550.28890,0
1001002027797,17.45,0.10, 3.04531,-1.36872,56550.29449,0
1001002027797,17.60,0.10, 3.04530,-1.36861,56550.30007,0
1001002027797,17.45,0.10, 3.04545,-1.36868,56550.30569,0
1001002027797,17.37,0.09, 3.04534,-1.36882,56559.30023,0
1001002027797,17.56,0.10, 3.04536,-1.36873,56559.30704,0
1001002027797,17.58,0.10, 3.04532,-1.36868,56559.31383,0
1001002027797,17.57,0.10, 3.04547,-1.36863,56559.32063,0
1001002027797,17.44,0.09, 3.04535,-1.36869,56564.41652,0
1001002027797,17.44,0.09, 3.04538,-1.36877,56564.42275,0
1001002027797,17.44,0.09, 3.04548,-1.36877,56564.42912,0
1001002027797,17.56,0.10, 3.04533,-1.36869,56564.43536,0
1001002027797,17.49,0.09, 3.04540,-1.36872,56570.29882,0
1001002027797,17.56,0.10, 3.04526,-1.36874,56570.30441,0
1001002027797,17.46,0.09, 3.04539,-1.36858,56570.30998,0
1001002027797,17.42,0.09, 3.04526,-1.36873,56570.31556,0
1001002027797,17.59,0.10, 3.04529,-1.36863,56595.16392,0
1001002027797,17.47,0.09, 3.04542,-1.36872,56595.16845,0
1001002027797,17.61,0.10, 3.04530,-1.36863,56595.17298,0
1001002027797,17.47,0.09, 3.04542,-1.36872,56595.17751,0
2001003020900,17.41,0.06, 3.04539,-1.36871,53705.09313,0
2001003020900,17.42,0.06, 3.04541,-1.36873,53705.10047,0
2001003020900,17.40,0.06, 3.04537,-1.36876,53705.10781,0
2001003020900,17.39,0.06, 3.04540,-1.36872,53705.11515,0
2001003020900,17.40,0.06, 3.04540,-1.36872,53649.20323,0
2001003020900,17.40,0.06, 3.04541,-1.36873,53649.20817,0
2001003020900,17.42,0.06, 3.04540,-1.36872,53649.21307,0
2001003020900,17.39,0.06, 3.04541,-1.36873,53649.21800,0
2001003020900,17.40,0.07, 3.04542,-1.36877,53672.24712,0
2001003020900,17.35,0.06, 3.04540,-1.36876,53672.25314,0
2001003020900,17.38,0.06, 3.04541,-1.36877,53672.25932,0
2001003020900,17.40,0.06, 3.04540,-1.36877,53672.26543,0
2001003020900,17.53,0.07, 3.04541,-1.36876,54093.08688,0
2001003020900,17.52,0.07, 3.04540,-1.36878,54093.09355,0
2001003020900,17.48,0.07, 3.04538,-1.36878,54093.10027,0
2001003020900,17.51,0.07, 3.04541,-1.36878,54093.10693,0
2001003020900,17.44,0.07, 3.04541,-1.36874,54055.15392,0
2001003020900,17.46,0.07, 3.04539,-1.36875,54055.16167,0
2001003020900,17.47,0.07, 3.04541,-1.36875,54055.16949,0
2001003020900,17.45,0.07, 3.04539,-1.36875,54055.17727,0
2001003020900,17.45,0.07, 3.04540,-1.36876,54008.27590,0
2001003020900,17.45,0.07, 3.04539,-1.36876,54008.28499,0
2001003020900,17.43,0.07, 3.04539,-1.36875,54008.29402,0
2001003020900,17.47,0.07, 3.04540,-1.36876,54008.30341,0
2001003020900,17.52,0.07, 3.04543,-1.36875,54407.22403,0
2001003020900,17.50,0.07, 3.04541,-1.36876,54407.23237,0
2001003020900,17.50,0.06, 3.04541,-1.36877,54407.24072,0
2001003020900,17.49,0.06, 3.04540,-1.36873,54407.24915,0
2001003020900,17.51,0.07, 3.04540,-1.36879,54389.28011,0
2001003020900,17.51,0.07, 3.04540,-1.36876,54389.28955,0
2001003020900,17.51,0.07, 3.04538,-1.36877,54389.29899,0
2001003020900,17.51,0.07, 3.04539,-1.36876,54389.30849,0
2001003020900,17.50,0.07, 3.04540,-1.36874,54356.32786,0
2001003020900,17.47,0.06, 3.04539,-1.36875,54356.33464,0
2001003020900,17.47,0.06, 3.04542,-1.36875,54356.34151,0
2001003020900,17.48,0.07, 3.04541,-1.36876,54356.34823,0
2001003020900,17.44,0.06, 3.04542,-1.36876,54803.13351,0
2001003020900,17.43,0.06, 3.04541,-1.36875,54803.14010,0
2001003020900,17.41,0.06, 3.04540,-1.36875,54803.14662,0
2001003020900,17.45,0.07, 3.04541,-1.36875,54803.15851,0
2001003020900,17.48,0.07, 3.04539,-1.36876,54764.14075,0
2001003020900,17.45,0.07, 3.04548,-1.36889,54764.14505,0
2001003020900,17.46,0.07, 3.04542,-1.36878,54764.14940,0
2001003020900,17.46,0.07, 3.04541,-1.36876,54764.15375,0
2001003020900,17.48,0.07, 3.04538,-1.36874,54733.27509,0
2001003020900,17.49,0.07, 3.04539,-1.36873,54733.28057,0
2001003020900,17.47,0.07, 3.04541,-1.36883,54733.28614,0
2001003020900,17.48,0.07, 3.04540,-1.36873,54733.29180,0
2001003020900,17.36,0.07, 3.04540,-1.36877,55184.09761,0
2001003020900,17.39,0.07, 3.04538,-1.36877,55184.10423,0
2001003020900,17.37,0.07, 3.04541,-1.36876,55184.11080,0
2001003020900,17.36,0.07, 3.04541,-1.36877,55184.11737,0
2001003020900,17.42,0.07, 3.04542,-1.36876,55093.37978,0
2001003020900,17.41,0.07, 3.04540,-1.36875,55093.38770,0
2001003020900,17.39,0.07, 3.04541,-1.36879,55093.39583,0
2001003020900,17.42,0.07, 3.04539,-1.36877,55093.40397,0
2001003020900,17.38,0.06, 3.04538,-1.36876,55538.07019,0
2001003020900,17.40,0.06, 3.04539,-1.36875,55538.07557,0
2001003020900,17.38,0.06, 3.04539,-1.36878,55538.08089,0
2001003020900,17.42,0.07, 3.04539,-1.36877,55538.08623,0
2001003020900,17.40,0.06, 3.04540,-1.36876,55508.17829,0
2001003020900,17.39,0.06, 3.04538,-1.36877,55508.18601,0
2001003020900,17.43,0.06, 3.04540,-1.36877,55508.19376,0
2001003020900,17.40,0.06, 3.04539,-1.36875,55508.20145,0
2001003020900,17.48,0.07, 3.04539,-1.36876,55828.36963,0
2001003020900,17.46,0.07, 3.04540,-1.36874,55828.37576,0
2001003020900,17.47,0.07, 3.04541,-1.36875,55828.38178,0
2001003020900,17.45,0.07, 3.04540,-1.36876,55828.38791,0
2001003020900,17.53,0.07, 3.04540,-1.36873,56191.27210,0
2001003020900,17.55,0.07, 3.04541,-1.36874,56191.27841,0
2001003020900,17.53,0.07, 3.04539,-1.36878,56191.28463,0
2001003020900,17.50,0.07, 3.04541,-1.36877,56191.29090,0
2001003020900,17.52,0.07, 3.04540,-1.36875,56211.22061,0
2001003020900,17.53,0.07, 3.04540,-1.36874,56211.22745,0
2001003020900,17.54,0.07, 3.04541,-1.36873,56211.23432,0
2001003020900,17.54,0.07, 3.04541,-1.36873,56211.24109,0
2001003020900,17.62,0.07, 3.04541,-1.36874,56315.08465,0
2001003020900,17.57,0.07, 3.04542,-1.36874,56315.09141,0
2001003020900,17.57,0.07, 3.04542,-1.36870,56315.09632,0
2001003020900,17.56,0.07, 3.04544,-1.36876,56315.10126,0
2001003020900,17.50,0.07, 3.04534,-1.36868,56541.36602,0
2001003020900,17.49,0.07, 3.04535,-1.36868,56541.37130,0
2001003020900,17.51,0.07, 3.04536,-1.36867,56541.37664,0
2001003020900,17.50,0.07, 3.04535,-1.36870,56541.38197,0
2001003020900,17.51,0.07, 3.04535,-1.36868,56559.33344,0
2001003020900,17.46,0.07, 3.04537,-1.36867,56559.33931,0
2001003020900,17.54,0.07, 3.04534,-1.36868,56559.34523,0
2001003020900,17.50,0.07, 3.04537,-1.36866,56559.35110,0
3001002006211,17.32,0.20, 3.04546,-1.36883,53582.66572,0
3001002006211,17.39,0.20, 3.04542,-1.36879,53582.67657,0
3001002006211,17.42,0.21, 3.04542,-1.36871,53582.68755,0
3001002006211,17.34,0.20, 3.04543,-1.36877,53582.69846,0
3001002006211,17.23,0.14, 3.04536,-1.36887,53900.77887,0
3001002006211,17.35,0.15, 3.04542,-1.36879,53900.78993,0
3001002006211,17.20,0.14, 3.04541,-1.36871,53900.80089,0
3001002006211,17.42,0.15, 3.04544,-1.36884,53900.81189,0
3001002006211,17.16,0.16, 3.04539,-1.36874,53872.81250,0
3001002006211,17.31,0.17, 3.04537,-1.36878,53872.81520,0
3001002006211,17.33,0.17, 3.04539,-1.36875,53872.81796,0
3001002006211,17.29,0.17, 3.04538,-1.36879,53872.82068,0
3001002006211,17.34,0.17, 3.04546,-1.36879,53879.78952,0
3001002006211,17.39,0.17, 3.04539,-1.36885,53879.79822,0
3001002006211,17.28,0.22, 3.04541,-1.36878,53879.80695,0
3001002006211,17.31,0.20, 3.04534,-1.36874,53879.81573,0
3001002006211,17.37,0.20, 3.04535,-1.36875,54245.78910,0
3001002006211,17.48,0.21, 3.04541,-1.36882,54245.79973,0
3001002006211,17.33,0.20, 3.04540,-1.36880,54245.81041,0
3001002006211,17.19,0.18, 3.04555,-1.36874,54245.82117,0
3001002006211,17.53,0.18, 3.04539,-1.36874,54652.80689,0
3001002006211,17.37,0.16, 3.04542,-1.36879,54652.81303,0
3001002006211,17.49,0.17, 3.04541,-1.36878,54652.81968,0
3001002006211,17.51,0.18, 3.04540,-1.36872,54652.82605,0
3001002006211,17.33,0.14, 3.04542,-1.36883,55045.74126,0
3001002006211,17.39,0.14, 3.04546,-1.36882,55045.74986,0
3001002006211,17.43,0.15, 3.04543,-1.36884,55045.75844,0
3001002006211,17.13,0.13, 3.04533,-1.36893,55045.76704,0
3001002006211,17.25,0.14, 3.04532,-1.36875,55358.76144,0
3001002006211,17.32,0.14, 3.04544,-1.36868,55358.79893,0
3001002006211,17.34,0.14, 3.04534,-1.36870,55731.76724,0
3001002006211,17.04,0.12, 3.04541,-1.36890,55731.78137,0
3001002006211,17.39,0.14, 3.04534,-1.36883,55731.79569,0
3001002006211,17.22,0.13, 3.04551,-1.36884,55731.81002,0
3001002006211,17.38,0.16, 3.04536,-1.36881,56066.79604,0
3001002006211,17.57,0.17, 3.04537,-1.36872,56066.80416,0
3001002006211,17.27,0.15, 3.04528,-1.36875,56066.81229,0
3001002006211,17.38,0.16, 3.04533,-1.36874,56066.82049,0
3001002006211,17.29,0.12, 3.04543,-1.36889,56102.76151,0
3001002006211,17.36,0.12, 3.04540,-1.36870,56102.77287,0
3001002006211,17.54,0.13, 3.04540,-1.36875,56102.78432,0
3001002006211,17.39,0.12, 3.04549,-1.36880,56102.79573,0
3001002006211,17.42,0.12, 3.04543,-1.36882,56464.78142,0
3001002006211,17.59,0.13, 3.04535,-1.36875,56464.79293,0
3001002006211,17.53,0.12, 3.04542,-1.36877,56464.80440,0
3001002006211,17.46,0.12, 3.04544,-1.36888,56464.81521,0
3001002006211,17.31,0.14, 3.04539,-1.36879,55358.77385,0
3001002006211,17.32,0.14, 3.04536,-1.36879,55358.78633,0